13656.155750364638 11749.261801071769 13
11009.062363318224 19871.41096275271 9
15744.222761023706 21393.863021124267 10
9836.513182173858 3842.99181611308 5
11819.663496043597 4463.955032026617 6
17722.13901460485 17137.00247874044 1
20246.730936444852 9297.935861104206 0
18540.138490144203 9781.565212753114 12
13385.594408866757 9658.265737874572 7
23974.52458554059 6406.904585581561 4
8576.281655406145 19506.267793846448 8
24867.03022815337 14632.815068791182 3
20557.515857594106 5359.588994742789 11
13015.216570091377 22554.506138920224 2
