ID z z_lo z_hi ra dec xiion xiion_lo xiion_hi O3_EW O3_EW_lo O3_EW_hi O32 O32_lo O32_hi b b_lo b_hi M_uv M_uv_lo M_uv_hi mass mass_lo mass_hi Z Z_lo Z_hi Av Av_lo Av_hi z_split O3_EW_split
CEERS-10010 2.40747  5e-05 215.017218333333 53.0048944444444 24.72881836259294 0.0774383966280503 0.1699032605099866 151.19028866297947  23.091099448867652 0.7737179487179487  0.0958406313628091 -1.4003183675552386 0.122826459439489 0.12501592713584353 -19.41657498274549  0.06334655138375103 9.79 0.0 0.029999733 8.5 0.0 0.0 0.2 0.1 0.019999996 0 0
CEERS-10293 1.67596  2e-05 215.001655833333 53.0050777777778 24.786828438130197 0.17113755257785002 0.11661415745802017 53.64093656632467  6.724034171876177    -2.1195571590259465 0.1404472478463128 0.13949219131135093 -19.151747345332073  0.03768062878941382 9.7 0.07999992 0.0 8.5 0.0 0.0 0.0 0.0 0.1 0 0
CEERS-11088 3.30165  1e-05 214.93420625 52.8263666666667 25.705670077858016 0.2014782194732625 0.10115547134165936 1904.4732921945058  232.367812978617 3.3397181062522585  0.040702512676651384 -0.5611017062129994 0.14642250366036036 0.14560894927808932 -20.46343447129691  0.03376499781821314 9.62 0.10999966 0.119999886 8.239755598004017 0.008787897353043306 0.00870094680485245 0.2 0.049999997 0.11 1 1
CEERS-11580 3.22747  5e-05 214.95714 52.8723694444444 24.829036478537525 0.1685000270956536 0.09736852866421586 371.6293232754188  50.49718663003637 2.1735668789808917  0.4981351471369176 -1.3048261810110064 0.4093888840835833 0.39790055659136037 -19.10692975784844  0.09551503893582315 9.08 0.069999695 0.0 8.274517250430833 0.095144649719348 0.07538008025804466 0.0 0.0 0.11 1 0
CEERS-11699 3.30116  1e-05 214.897722916667 52.8361166666667 25.20949454158597 0.16403442443203176 0.06575540187835927 1100.7178251485457  134.47490851350386 2.442246835443038  0.08363125513429281 -1.400711545408376 0.17987221422334843 0.17956210850227783 -20.03475583955405  0.042116928668267786 9.57 0.09000015 0.0 8.349837089943154 0.017941575101490415 0.0213055782821705 0.1 0.009999998 0.1 1 1
CEERS-11728 3.8693  1e-05 215.08487 52.9707388888889 25.701818974880403 0.0396105731536025 0.03801607860334144 6058.160793452339  739.7168858805684 15.621788283658788  2.87736533107593 -3.4355181805263575 0.15170061312893113 0.14797468700977578 -20.292168982671427  0.04583724268472634 8.21 0.09000015 0.07999992 7.438665618551271 0.0223282375230891 0.025520788954703555 0.0 0.0 0.0 1 2
CEERS-1173 4.99527  1e-05 215.1542075 52.9558472222222 25.885407239307778 0.16509505717118955 0.11179127586030546 5777.951032585704  706.2160671356246 3.4905535737878184  0.20241323049835808 -1.9610193268546134 0.35721942878597623 0.37081998513372527 -20.145702118112325  0.12165934970720221 9.16 0.21000004 0.06000042 8.18865837185449 0.024641653630864013 0.027035335188191567 0.0 0.0 0.1 2 2
CEERS-11903 3.10754  2e-05 215.161946666667 53.0337472222222 25.32647013718765 0.03267762096722038 0.03162859697812337 219.4092125850779  28.609591782306133 1.4177739851273925  0.22353542160694667 -1.980722489115974 0.3411103576113632 0.3257437766787754 -19.482495702908494  0.06377655549375101 10.05 0.0 0.0 8.5 0.0 0.0 0.0 0.0 0.0 1 0
CEERS-12286 2.95532  1e-05 214.99079125 52.9350277777778 25.445206059814403 0.3403005970923587 0.2546023406298481 1371.88940053208  170.2012742992775 4.003506721215663  0.6490601188947329 -1.674404719294573 0.3741128142120742 0.39690885241689156 -18.536092328250056  0.1279537017003689 8.85 0.3800001 0.13999939 8.114304511441002 0.045472921769526664 0.05037303937164772 0.1 0.1 0.13 1 1
CEERS-1236 4.48369  3e-05 215.145298333333 52.9672777777778 24.97089260054333 0.3631636162918781 0.25788006007804753 517.4025416029556  67.25424486109344 1.7974163241338816  0.320398076211375 -1.9437903191457089 0.210410773172236 0.20597017439050913 -19.459893069862478  0.05622691090212666 9.2 0.069999695 0.05000019 8.392029308647334 0.04219881750658949 0.05143004827988307 0.1 0.07 0.12 1 0
CEERS-12507 3.32074  1e-05 214.986859166667 52.94465 25.548029757748818 0.14565731357881262 0.1323148097268536 1655.9964244813495  202.4393409441043 4.759309718437784  0.3410660262948931 -1.5021009920147246 0.22763079156141153 0.23589798957737473 -20.194095312415875  0.052119928447143526 9.31 0.17000008 0.25999928 8.068618413339742 0.024068247643700857 0.021390123402726502 0.1 0.060000002 0.07 1 1
CEERS-12599 3.00024  2e-05 214.893170416667 52.8824694444444 25.04961120779654 0.44648444971189605 0.29147650739687947 643.5370797981452  88.03211589662068 2.184978026368358  0.5419482410587064 -1.881253206992093 0.47238953384285787 0.46160673627809157 -18.47710385082303  0.10711556354159887 8.89 0.10000038 0.049999237 8.140149094361847 0.13323150511661552 0.12297108542004231 0.1 0.1 0.13 1 1
CEERS-1289 4.87975  1e-05 214.947634166667 52.8370972222222 25.468781736147708 0.1900407827438606 0.17378668886896875 2215.050409849027  271.329452999609 4.553325462416371  0.5736353705757382 -1.9973750693925425 0.17904120937688295 0.18063477019583152 -19.80625010336144  0.06690069966790302 9.16 0.010000229 0.07999992 8.098820500991915 0.0407445995029736 0.041854881028896784 0.1 0.1 0.04 2 2
CEERS-1294 4.99858  1e-05 214.95525125 52.8429 25.885364735043293 0.30002110660940673 0.17262269242993966 2951.7248528422388  361.6667165406073 6.811224489795919  0.9602240281095464 -2.165183631769627 0.09433173668516126 0.09573693452390364 -20.431745259551207  0.0367694400896069 9.18 0.05000019 0.059999466 7.9884898466485215 0.040720703733034824 0.04180278549199912 0.0 0.0 0.03 2 2
CEERS-1305 4.28043  3e-05 215.040874583333 52.906225 25.021929041855092 0.15458871399680874 0.09913496063641603 1277.8509604687551  166.91475181188514 6.6058683584456785  3.3994497793491854 -2.6134110849185266 0.2179702625358102 0.22015311964590678 -19.29005053113196  0.06961872458436892 8.5 0.14000034 0.09000015 7.509824012923516 0.10065309366567554 0.21462519300158878 0.0 0.0 0.1 1 1
CEERS-1324 5.00762  3e-05 215.03057375 52.9026055555556 25.044687224146134 0.04767925039048393 0.044108309168478854 1533.0279642698597  200.94644783473112 7.941507311586051  3.966727155447941 -2.3725715704590145 0.1401516838267951 0.14090011829434435 -19.736724672055587  0.0815964549552233 8.66 0.059999466 0.06000042 7.2 0.0 0.0873865186904279 0.0 0.0 0.02 2 1
CEERS-1358 5.50389  1e-05 215.09094 52.9515305555556 25.357275918644927 0.19051323522684527 0.17173148245638004 2777.332931141497  340.9392434308838 3.10221465076661  0.20325593546696258 -1.9538662659584713 0.23980156605058056 0.2505821968517503 -19.336804505934424  0.2640683642766531 9.25 0.05000019 0.029999733 8.18564646609962 0.028889950967528222 0.024795242898580483 0.2 0.030000001 0.03999999 2 2
CEERS-1365 4.30673  2e-05 215.026896666667 52.9072027777778 24.98256272332066 0.09620875306489651 0.1982476188369482 1255.5167862122282  157.84067335950056 3.6188340807174884  0.8483951146529451 -1.7131275720348098 0.17500590928527093 0.17749542943451324 -19.537186855640627  0.06600760323462615 9.02 0.10000038 0.10999966 8.12133440250212 0.11692372561173059 0.12809936369165698 0.2 0.11 0.03999999 1 1
CEERS-13661 3.3281  1e-05 215.00012125 53.0088694444444 25.132567661492466 0.11829849498100131 0.12785292000224757 1290.5153805867883  158.53510039296867 6.078367875647668  0.924565837910583 -0.5438612613997997 0.34794829721913156 0.36998665619764154 -19.11644529552516  0.08511593853155588 9.28 0.03999996 0.03999996 7.931277718684646 0.046509152450791014 0.05033054603670184 0.2 0.060000002 0.049999997 1 1
CEERS-1374 5.00043  0.0 214.943910833333 52.8500416666667 25.623763632211105 0.074697114109739 0.15447847520872315 4473.913485074588  545.9213871674274 6.397310513447433  0.15871024717259338 -1.8509752202748193 0.0707720961395708 0.0678111031226043 -20.87178285567619  0.02632073253595769 9.55 0.03999996 0.07999992 7.989839097446913 0.008142607691912218 0.0081883739122377 0.1 0.1 0.029999994 2 2
CEERS-1401 5.37493  2e-05 215.245800416667 53.0652944444444 25.341352805371393 0.07504336397582279 0.07236616077326019 5460.373181590407  667.4881429296008 5.124218624779612  0.37250649825427007 -1.1387556506359067 0.2511239329616939 0.2537354478745808 -20.561429652765195  0.11370160484760998 8.8 0.0 0.0 8.055655328362132 0.02213419751164203 0.018634046420629602 0.3 0.0 0.0 2 2
CEERS-1410 5.25773  5e-05 215.232118333333 53.0573694444444 25.397699015676967 0.36209520371857096 0.2736067360431136 1260.6972019963446  167.5552313808731 3.0613778705636747  0.3872711597993838 -0.8645926302142004 0.503548007600908 0.49135335594533786 -20.312768386026193  0.48925124197038516 9.44 0.2699995 0.1800003 8.215258527237285 0.04229106511472125 0.03675337121931932 0.0 0.0 0.21 2 1
CEERS-1420 5.2919  3e-05 215.09286375 52.9606972222222 26.06964611752748 0.282642652333827 0.24983211024557406 479.65052042011985  60.666733036383114 1.522641509433962  0.14384718417327733 -2.2908665042558516 0.3061565118757068 0.3012508737057247 -20.26777097398874  0.15883002611590172 11.17 0.05000019 0.0 8.424721448510315 0.03878082508055236 0.042912000487396185 0.2 0.1 0.08 2 0
CEERS-1426 5.02056  0.00013 215.023143333333 52.9126777777778 24.801653852665684 0.23483097146224807 0.31131478689592385 374.20254981491956  63.980751658605485 2.510324114628957  0.8653630680641762 -1.6052947461899616 0.174272834799319 0.17010926977751928 -19.36719446541127  0.11957745415136187 9.36 0.059999466 0.07000065 8.378606523912758 0.2430128303298016 0.12139347608724194 0.2 0.2 0.11 2 0
CEERS-1449 4.75189  1e-05 215.080005 52.9567861111111 25.499909906212785 0.15578134457755866 0.06127385323664214 2288.668459907029  279.56800494402614 4.674571140262361  0.1619771547835318 -2.0584449299916274 0.054925764100331786 0.05496739473759993 -21.275373719918626  0.035344088176663804 9.56 0.030000687 0.119999886 8.07536092284396 0.026982847495853335 0.021383260969654927 0.0 0.0 0.1 2 2
CEERS-1465 5.26981  2e-05 214.888005 52.88825 24.836881305062356 0.18188825610564763 0.261568067829554 831.2628162769549  104.08663103533735 3.3674948240165636  0.6049991090284533 -1.6131385275190615 0.19893842470717304 0.2029531774141391 -19.37782195551333  0.12521560644380333 9.27 0.10000038 0.029999733 8.099029569106023 0.06986014295003429 0.06588858536957609 0.2 0.14 0.08999999 2 1
CEERS-1477 4.63124  1e-05 215.00349125 52.9695388888889 26.415476631408502 0.10926370388304463 0.112016138039575 4770.664874155836  584.0760888944931 6.274229902329076  0.5005336190411513 -1.2964973195196023 0.32093801735918404 0.31941588730129755 -19.954606486129414  0.2448859826881487 10.0 0.0 0.0 7.971615720393855 0.029351698506287605 0.029558653317611316 0.0 0.0 0.0 2 2
CEERS-1536 5.0334  1e-05 214.977226666667 52.9407833333333 25.65585927901148 0.1789019121885289 0.17859807978030418 5512.097803311035  673.4812008097973 11.314606741573032  2.1771467145071894 -2.0813057483487514 0.2940731407571757 0.2915435565094411 -20.224753467987224  0.3970968797762865 8.89 0.8000002 0.5999994 7.776116210980319 0.04137021797552354 0.03949048348862316 0.0 0.0 0.05 2 2
CEERS-15385 3.87749  2e-05 214.814481666667 52.8649361111111 25.14257690848788 0.3941712023945989 0.24985123841331358 1259.3174371355756  166.33183617973816 2.7450236966824644  0.449007598397855 -1.8662624565316106 0.2987782291263259 0.2994478183168461 -19.271136179273206  0.12973048918219282 9.08 0.119999886 0.03999996 8.144016508597051 0.07873359464449692 0.07722456214632878 0.1 0.030000001 0.10999999 1 1
CEERS-1539 4.88399  1e-05 214.980077916667 52.9426583333333 25.537845404324138 0.47743342407118305 0.2807824389194806 661.4623863932951  80.84821488274875 3.6476155806334183  0.26682069004940967 -0.41330026117386287 0.4339463651742008 0.4292126282778272 -19.66688374677662  0.3950980352772282 9.93 0.28999996 0.17000008 8.185615502584373 0.031828819567143896 0.025574343099606267 0.1 0.1 0.27 2 1
CEERS-1544 4.18969  2e-05 215.061655833333 52.9995861111111 25.291444883217103 0.5023669151253962 0.32044163325170416 2256.2634797275427  292.9882933018086 4.742911153119092  1.5427141619607059 -1.6284152605773445 0.7389395635113978 0.7445591878510548 -18.648722475586386  0.3086246192266171 8.04 0.0 0.19999981 8.01841318531156 0.07828198792461372 0.10317034216274656 0.3 0.07000001 0.099999994 1 2
CEERS-1559 4.47122  0.0 215.064861666667 52.9998361111111 25.064487885495648 0.0691251891302187 0.06727297417604206 7084.45802667321  866.5254105409895 19.657293497363796  3.37963308126334 -2.2638566708051315 0.24165563258892142 0.2400335381391172 -20.351849555732247  0.1668869487766697 8.16 0.019999504 0.25 7.752722952764707 0.036517341414286086 0.032687284348480006 0.0 0.0 0.01 1 2
CEERS-1561 6.1966  1e-05 215.166097083333 53.0707555555556 25.51294696187459 0.12752319961933978 0.11649848580073652 6115.075299606437  751.1630006164487 18.871317829457364  5.773054705444395 -3.526979417935287 1.1561067441405557 1.1398291309743103 -20.197306717030777  0.2321955699625011 8.14 0.06000042 1.04 7.273473517068989 0.03177696500531102 0.03295243495470501 0.0 0.0 0.02 2 2
CEERS-1605 4.63042  1e-05 215.0754075 52.9975777777778 25.281119964254827 0.21276413700602248 0.17557505516991512 1173.7121030544988  145.13498379698254 2.5373839131119156  0.22239811646518967 -1.9432031457206955 0.2575088918774395 0.2548828288440601 -20.631860811420278  0.13165591399301182 9.49 0.18999958 0.25 8.278469949477643 0.04096997294720239 0.041708468541754584 0.1 0.05 0.1 1 1
CEERS-1617 4.63032  2e-05 215.07130625 52.9922944444444 25.371023158780943 0.3298904988815572 0.2511465493825398 5630.97194416235  710.4547346004573    -2.5450992225523135 0.47918331532072234 0.48592275074465263 -19.95365903896347  0.3278748639974012 8.17 0.20000029 0.1800003 8.356468581729418 0.38646601597476327 0.14353141827058202 0.1 0.1 0.019999996 1 2
CEERS-1634 5.07528  1e-05 215.02111 52.9569222222222 26.00198766215119 0.30068721875214877 0.21264230609496337 5874.111734086256  721.7909342505313 6.348592306039115  1.2494448384308843 -1.6438131411473473 0.3492483313583483 0.34565541183915904 -20.82674843775243  0.2367586274125866 8.89 0.57000065 0.53999996 7.991911540869156 0.05303193093982106 0.06372706898745939 0.0 0.0 0.06 2 2
CEERS-16406 2.77063  1e-05 215.032515416667 52.8975111111111 25.29316041394132 0.26738133442875167 0.30654281523027294 2531.303611574874  310.6492119890027 4.535987748851455  0.3983173798642814 -1.698484723613353 0.4821320173715109 0.48541876132073236 -17.747528399506706  0.2766527968620288 8.25 0.10000038 0.18999958 8.096475421272558 0.03265741331533256 0.030351932666102144 0.3 0.15 0.109999985 1 2
CEERS-16551 2.57122  1e-05 215.1268575 52.9680833333333 25.40565926287478 0.08668136443196417 0.10960189234503304 1700.2222374488526  208.86853703204625 2.7051282051282053  0.12777058001005195 -2.5743089278299873 0.2666962463208833 0.2625912713776608 -18.802531246947872  0.07358067789635483 8.96 0.06000042 0.06000042 8.355711794227862 0.04085810073171103 0.02685033203767695 0.1 0.060000002 0.04 0 1
CEERS-1665 4.48224  1e-05 215.178197083333 53.05935 26.01818267156929 0.05906741060742604 0.1657440735583542 5130.8295983757225  626.6872488861369 4.509703779366701  0.11283684475944326 -1.6261125647871844 0.07876805836832923 0.07895253941456093 -21.664509305260346  0.03967986337431821 9.69 0.13999939 0.24000072 8.089199383870536 0.012246161851148685 0.01331139366709877 0.2 0.1 0.00999999 1 2
CEERS-1677 5.86643  1e-05 215.188738333333 53.0643777777778 25.496205257245407 0.3369384014955301 0.26443502630886684 3010.2969961126773  378.48936852597586 3.7218282111899135  0.5384768932910945 -1.4473844020823305 0.4447221948020199 0.44566407857248236 -20.530429791998742  0.18477873028096164 8.62 0.019999504 0.31000042 7.933544881384709 0.06317017382971368 0.0655319794749083 0.2 0.09 0.10000001 2 2
CEERS-16991 2.5402  1e-05 214.9414975 52.8505583333333 25.400772046711705 0.09544603584504685 0.07417040987726864 1857.6383677977703  226.79592666878762 4.489065606361829  0.11916524781992377 -2.22296217404123 0.16107527810735878 0.15679841277206297 -19.658480687515734  0.05022584938516454 9.21 0.06000042 0.019999504 8.10436750725635 0.011231329720606809 0.0115300716322988 0.1 0.030000001 0.050000004 0 1
CEERS-17045 1.95358  5e-05 215.186989583333 53.0257888888889 24.811986224999583 0.4220467368408194 0.2983840265809796 36.24443731568737  8.677273458092385 0.5390549662487946  0.13839403468234845 -1.699076164771018 0.2792253452621658 0.2806864742275932 -17.82023893828857  0.19370555271365789 9.13 0.10000038 0.069999695 8.5 0.0 0.0 0.1 0.1 0.15 0 0
CEERS-17056 2.73578  1e-05 215.0956225 52.9617527777778 24.7082562932596 0.06251357172720873 0.044609014699545924 449.6212065870472  55.4327547018525 5.001564945226917  0.563179878506867 -2.306663780289215 0.20411010237683147 0.20483123161532646 -19.46511592933869  0.08807558577778342 8.65 0.029999733 0.2300005 8.011790298376285 0.07925018667257966 0.06613491900548851 0.0 0.0 0.04 1 0
CEERS-1732 4.66001  3e-05 215.212810416667 53.0712111111111 24.992515819095757 0.2702904661725398 0.21771518660861133 167.59452741484915  24.70697445868964 0.8754456857618256  0.10713996436658081 -1.527137083924807 0.18392245120802775 0.17899082999169336 -21.279851486267148  0.09484936624693188 10.34 0.09000015 0.029999733 8.5 0.0 0.0 0.1 0.08 0.1 2 0
CEERS-1743 6.23574  0.00011 215.154781666667 53.02895 24.599424799392377 0.6683758886196038 0.29268997189286594 17.22800594548751  12.08694139620761 1.352892561983471  2.413365279061285 -1.4149814496050452 1.0148058409852716 1.0084894676775429 -20.375897100598724  0.46760243047603667 10.03 0.6300001 0.28999996 7.868928195186093 0.6689281951860933 0.6310718048139066 0.0 0.0 0.45 2 0
CEERS-1746 4.56024  1e-05 215.05400625 52.9568666666667 25.440120211750685 0.21145030233612516 0.17820813226083843 3318.061993171229  405.22646630924424 6.582789686237962  0.3471400782551505 -1.1477246185439427 0.2904665059343121 0.2859014724112492 -19.416130740993832  0.2422210512464317 9.19 0.19999981 0.15000057 7.965222097915998 0.021834322090472646 0.012871831500775421 0.2 0.07000001 0.11 1 2
CEERS-17463 2.30227  2e-05 215.135865833333 53.001825 25.38215899789029 0.08933338731565144 0.08407556250357473 1227.9077867691717  151.98378500592938 5.674955595026643  1.0762694261017143 -2.2046359669675475 0.3412288592296395 0.3380831386284793 -18.059604134058496  0.17237782888775127 8.66 0.09000015 0.09000015 7.899911101897871 0.05172612435105339 0.07277842991185679 0.0 0.0 0.01 0 1
CEERS-17496 2.37298  1e-05 214.990269583333 52.8995166666667 25.313733659974048 0.043990354361238104 0.02155326515691769 952.3918775269344  116.76794146975436 2.1196369636963697  0.07708812415658513 -2.0571481347343754 0.07266622147669244 0.0734530652489096 -19.289031415837357  0.033668509617685624 9.06 0.05000019 0.019999504 8.428053944702889 0.02355761346429297 0.024029313781039008 0.0 0.0 0.03 0 1
CEERS-1767 4.54558  3e-05 215.1727575 53.0357888888889 26.410312245385306 0.1341038587317236 0.11220540699908099       -1.7810136902867013 0.3155562143536832 0.3137736167970604 -20.44015629143729  0.14577267823077747 9.33 0.26000023 0.09000015 7.897683626480398 0.0794839715762965 0.06234927305210469 0.0 0.0 0.02 1 0
CEERS-18294 2.63594  1e-05 214.988627916667 52.9229222222222 25.194907470761983 0.10112978358464275 0.10828895894200485 342.68294283710054  42.213050978112264    -1.5696488496812506 0.14238612557055808 0.14135814435048788 -19.752197240333757  0.05180000354643731 9.71 0.020000458 0.010000229 8.5 0.0 0.0 0.2 0.049999997 0.030000001 0 0
CEERS-1836 4.46964  2e-05 215.087195833333 52.9649055555556 24.950009343603114 0.36151692990905104 0.2732541851777519 858.0555047504174  112.90656031265135 4.534883720930232  1.7648932853640689 -1.3697988625553374 0.2746460480286512 0.2721126996338288 -20.329470795625184  0.14670542291565694 9.49 0.25 0.19000053 7.753598875617117 0.15531217809706543 0.18544818748824898 0.2 0.13 0.059999987 1 1
CEERS-19179 2.71343  3e-05 215.049774166667 52.9919111111111 25.75951124660668 0.3775602530101487 0.24687184573856769 151.9433255600382  21.785470229136944 0.7861046057767369  0.0884623450645925 -0.8952031352812042 0.2697474677043672 0.27122501437064095 -18.515529012350335  0.1583014888880467 10.05 0.06000042 0.0 8.5 0.0 0.0 0.2 0.049999997 0.2 1 0
CEERS-20487 1.92761  4e-05 215.01892375 53.0078 25.15656273714201 0.3652043143936794 0.201358980327754 378.96635264509166  53.926586473080626 3.9058524173027984  1.5375117922304513 -2.202941054425258 0.40162107385418544 0.4011777496431972 -17.7939516005949  0.10524230172839262 8.38 0.010000229 0.05000019 8.005488945658481 0.1992254214083431 0.2443541643599758 0.0 0.0 0.01 0 0
CEERS-2089 4.63627  5e-05 214.999175 52.9733 24.580169926028596 0.1476811431653644 0.09254544207299631 48.5756609312076  6.308484379083364 3.971669844728957  0.8387171484828811 -1.4050074158331252 0.24237487253330148 0.25325851410828215 -20.192207356116484  0.17470215511338621 10.23 0.0 0.040000916 7.2 0.0 0.0 0.0 0.0 0.1 2 0
CEERS-23542 1.27801  4e-05 215.148416666667 52.9551583333333 24.705443477631093 0.12838609692663638 0.13624849069028855 240.9095404818392  29.603163020245983    -1.9513205425057598 0.029907828225100186 0.029980252310593647 -20.173015410786064  0.006344203482444453 9.12 0.029999733 0.119999886 8.5 0.0 0.0 0.9 0.13 0.120000005 0 0
CEERS-24188 1.89828  0.00011 215.22900875 53.0236305555556 25.087037994636756 0.11677739008181831 0.09899550088721298 241.50367033327026  41.24345450155089 0.7296448417492148  0.16281864046414643 -2.4894107323613137 0.5322356504435861 0.5162395120472236 -17.601434435722428  0.19092116489407124 8.48 0.28999996 0.20000076 8.5 0.0 0.0 0.0 0.0 0.06 0 0
CEERS-25856 1.33331  2e-05 215.238537083333 53.055275 25.493406807957196 0.44312142054458903 0.16229315352769902       -1.537423217947476 0.5807867888924196 0.5809965580125035 -16.759592398923754  0.21125546705648465 7.27 0.4000001 0.40999985    0.1 0.1 0.48 0 0
CEERS-26594 1.40695  3e-05 215.121134583333 52.9843722222222 25.115437432575614 0.05913811941287861 0.15455007996959935 332.58194171877625  41.046933826068496    -1.762215515440643 0.1801961653396844 0.1793033616231825 -18.027416586787755  0.040751258842736476 9.05 0.0 0.05000019 8.5 0.0 0.0 0.1 0.1 0.019999996 0 0
CEERS-26836 2.01004  1e-05 214.907484583333 52.8366444444444 25.438189247702585 0.0365459320239907 0.03813095867536731 2801.5607315382995  342.8425017006604 11.13796267971857  1.3986210853477492 -3.0322219299453046 0.20739727688775966 0.21031063612470158 -18.291558791968626  0.08511143043089 8.29 0.119999886 0.07999992 7.7668246643504295 0.039531327162537266 0.042127116732396 0.0 0.0 0.01 0 2
CEERS-2693 3.6694  3e-05 215.069352083333 52.9587944444444 25.31506827771127 0.1289185139234057 0.08876821896487641 229.19407049721428  28.358531292709728 1.1384839650145773  0.05957409538681716 -1.1083530553506658 0.08892976179640688 0.0886236810767016 -20.932299325021713  0.029131778617071318 10.2 0.09000015 0.029999733 8.5 0.0 0.0 0.1 0.020000003 0.07 1 0
CEERS-2696 3.35547  3e-05 215.173764583333 53.0309027777778 25.01132445802192 0.6765444161948615 0.2527254597457045 107.4915849273511  14.071648075437782 1.6675461741424804  0.271602089721157 -1.3247529914444363 0.19238088807327935 0.18397988526031228 -20.217878448670476  0.04741011756693121 9.96 0.0 0.0 8.410728211453872 0.051315191274515115 0.06757401886489056 0.0 0.0 0.0 1 0
CEERS-27063 1.59407  2e-05 215.216723333333 53.0578555555556 24.854014736763922 0.1563837116035387 0.10000059982136023 107.38740641662515  14.681500496132873    -2.107217578548159 0.1893686996464976 0.18664000384449309 -18.315075163342833  0.07155739211941317 9.15 0.03999996 0.010000229 8.5 0.0 0.0 0.0 0.0 0.1 0 0
CEERS-2808 3.38389  5e-05 214.9753175 52.9386055555556 24.59754296317489 1.217607378958494 0.5778838051591144 418.9604706130204  54.495411372305526 3.9634597106347034  0.9549079343739741 0.7049083708194748 1.4669199891064704 1.4687402203072049 -18.57254103074486  0.27305607207222327 11.04 0.6700001 0.03999996 8.070996824674193 0.08597406666318896 0.08894995789756344 2.0 0.29999995 0.99 1 0
CEERS-29756 1.23975  8e-05 215.06648375 52.9886222222222 24.617892526974476 0.5068852978590002 0.4097821150559753 94.63671115676868  13.29099862951047    -2.3638334700657238 0.42750258322386836 0.4239451710879387 -17.64102677764434  0.09474658308921771 8.82 0.21999931 0.10000038 8.5 0.0 0.0 0.4 0.4 0.41 0 0
CEERS-30796 1.45885  6e-05 214.830879166667 52.8342222222222 24.82569146967849 0.15178133414248052 0.08110001364186914 -43.71981677105439  7.95002336545321    -2.1764617159491175 0.3138487183024181 0.31367512901070227 -18.2683283687407  0.06585504266472543 10.01 0.0 0.03999996    0.2 0.0 0.10000001 0 0
CEERS-31057 1.62098  3e-05 215.069889166667 53.0079833333333 25.502014707234295 0.16853207149775074 0.09180370168158447 473.95610842491953  70.77480185217875    -2.148315232855371 0.24506901513367074 0.2501670459430785 -18.76169367495552  0.0922826609624195 9.31 0.17000008 0.0 8.5 0.0 0.0 0.0 0.0 0.11 0 0
CEERS-31075 1.28295  3e-05 215.043555 52.9899166666667 25.75701662718714 0.0963245736121614 0.08781571080337969 3759.6425945044844  459.0964875654057    -2.80425898217592 0.5762108872879184 0.5513306718708435 -17.128752203532702  0.165917294493455 6.87 0.0 0.07999992 8.5 0.0 0.0 0.0 0.0 0.1 0 2
CEERS-31242 1.16475  5e-05 214.841171666667 52.8476527777778 24.765094702087662 0.27846569314024805 0.1772074560611081 66.93071106204214  10.503433287848445    -2.518538596018942 0.3408336484655612 0.3496541791218215 -17.96577279141433  0.07530551992706944 9.1 0.10000038 0.069999695 8.5 0.0 0.0 0.0 0.0 0.26 0 0
CEERS-3181 1.57485  5e-05 215.0959775 52.9977111111111 24.558456552609293 0.18382695436707408 0.07973093374946316 59.13410542482648  9.165249908292305    -2.3067931186982458 0.19990931487336372 0.206523221015388 -18.427214890858657  0.07688944683240381 9.11 0.22999954 0.07000065 8.5 0.0 0.0 0.0 0.0 0.12 0 0
CEERS-3187 1.48957  4e-05 214.892807083333 52.8593416666667 24.64878042780696 0.24691033372024762 0.11089413787344782 120.47367106597179  15.057037066983273    -1.2625235448825791 0.30254055901552146 0.3074539404600397 -17.869387962744042  0.08982228745700176 8.91 0.09000015 0.05000019 8.5 0.0 0.0 0.1 0.040000003 0.13999999 0 0
CEERS-3223 2.28661  6e-05 215.07277375 53.011875 25.193159683917873 0.3115393561751283 0.24873259593407582 450.94179792099504  69.22220243617687 1.7573993207180978  0.47186452575241566 -1.3775277205748542 0.5619663644844626 0.5569061620057442 -17.501421677692274  0.21668532083781517 9.03 0.13000011 0.11000061 8.41827582973146 0.0830762460968213 0.07318617841290376 0.2 0.120000005 0.16000001 0 0
CEERS-323 5.66592  1e-05 214.872555833333 52.87595 25.680137225471476 0.1463769658412417 0.21096887824478117 12237.199639234557  1499.1299325275957 24.677419354838708  11.516083585184784 -1.1018467863493493 0.638396303334978 0.632496401096524 -18.443760914274456  0.27267609331766357 7.76 0.09000015 0.15999985 7.2 0.0 0.0 0.2 0.13 0.019999996 2 2
CEERS-3501 2.61182  2e-05 215.046171666667 52.9128166666667 25.236635460382164 0.023183230462198168 0.023326457767911535 1747.677478644217  225.38924854568154 5.103296703296704  1.4318979537699954 -3.222895748640233 0.20749385274404908 0.20317814910410048 -19.20135950352898  0.04628811913286069 7.84 0.05000019 0.03999996 7.2 0.0 0.008147435259995284 0.0 0.0 0.0 0 1
CEERS-3535 2.48879  1e-05 215.050124583333 52.9419611111111 25.840033600806994 0.07853239740888185 0.06692436982149275 1453.3363533533511  177.54342936165165 2.752100840336135  0.0757985371741919 -2.0359341326216347 0.09204785378973757 0.09060380281140867 -19.872238865123244  0.02653315824923143 9.31 0.010000229 0.059999466 8.248786481522618 0.019322167847361627 0.01669632035097912 0.0 0.0 0.01 0 1
CEERS-3537 2.16204  0.0 215.1436275 53.0048027777778 25.855409939837855 0.04372225881871117 0.03827965158505009 3326.4078031776776  406.5325372321553 32.351851851851855  9.732326274642775 -1.9486866244030905 0.28234615996500967 0.2845194913973048 -18.308918002202113  0.08827142915381028 8.3 0.4000001 0.25 7.2 0.0 0.0 0.0 0.0 0.02 0 2
CEERS-355 6.10022  0.0 214.806482083333 52.8788277777778 25.76878567978459 0.17633100413256741 0.2579752943906044 10167.499272963916  1244.161733717997 8.154205607476635  1.167258991604145 -2.6903937757940932 0.27510386581372837 0.28615680624549755 -19.4852455315987  0.19813442562007608 8.18 0.020000458 0.2699995 7.900227340727042 0.03474343520301826 0.03744984362470127 0.2 0.18 0.030000001 2 2
CEERS-3585 3.86655  0.0 215.023209166667 53.0079722222222 26.153737389405073 0.09735655619581962 0.09077666203110013 7683.43359254733  938.7169021789293 11.49689440993789  1.4465537484249178 -2.151025143510446 0.3643378224352509 0.36529276968342983 -18.892979749457822  0.12293153891022335 8.32 0.07999992 0.07000065 7.844252374417692 0.025809159097260448 0.02516839914960567 0.0 0.0 0.02 1 2
CEERS-3788 2.29489  1e-05 214.890785833333 52.8687 25.58077447017857 0.07492467508762601 0.15626901492343848 2235.226232998501  272.8304405107117 3.5266821345707657  0.054371638380895156 -1.762045717499873 0.032769106253117686 0.032059615298384525 -20.71988613107862  0.016643998632679756 9.54 0.03999996 0.13000011 8.16751376020795 0.008859686667697986 0.008675164926357226 0.1 0.1 0.029999994 0 2
CEERS-3838 1.92204  3e-05 214.898466666667 52.8616666666667 24.91446085123098 0.2374193705325034 0.17228759797560755 35.466842055264316  6.999984914295635 0.37798353909465016  0.06335323063648748 -0.8115645062418992 0.23238994091753828 0.22623407472549661 -19.517565012605484  0.07051652951059471 10.0 0.06000042 0.0 8.5 0.0 0.0 0.2 0.019999996 0.10000001 0 0
CEERS-39481 1.63255  2e-05 214.994061666667 53.001675 25.119616102528635 0.19406036466649468 0.053921678199888134 904.4130984870435  113.19242996676886 4.933542647828362  1.3482284651855811 -2.585905948454414 0.31381404733304175 0.3116206092442395 -17.596785696138127  0.07548807663041017 7.76 0.20000029 0.059999943 7.394250957693792 0.07966669620221012 1.097886127725955 0.0 0.0 0.12 0 1
CEERS-397 6.00043  1e-05 214.836197083333 52.8826916666667 25.506303225523887 0.17799798510137776 0.11257301523061969 6846.895588342252  835.6835570785903 11.480904130943102  0.5572302713842243 -2.229808397706058 0.09083590126784324 0.09142689899120215 -21.054454659550046  0.07996978959792088 9.44 0.119999886 0.07000065 7.75150153656096 0.01735031711618884 0.015461834276300657 0.1 0.05 0.1 2 2
CEERS-403 5.76039  1e-05 214.828967916667 52.8757 25.41194770074758 0.26225768689482365 0.21812609232734914 1542.7805118003218  189.82269016476837 3.20995670995671  0.25917659925301934 -1.5584518483002041 0.1648879616587553 0.16682083576153328 -20.086877789310098  0.11697402236792454 9.55 0.14000034 0.0 8.227365269265992 0.026813205020246755 0.03521799583485752 0.2 0.1 0.13000001 2 1
CEERS-4144 4.66516  1e-05 215.175227083333 53.0632833333333 25.120590519398544 0.3910679546310547 0.3212845097506367 1537.7377569609293  190.9212258856868 4.6709894332372714  0.6596829752680461 -1.1528541648413722 0.4303061052439281 0.43133374458389007 -19.59016601100348  0.32221071760259784 9.03 0.43999958 0.2800007 8.06320916169893 0.05357040302667215 0.04436583361166413 0.3 0.10000001 0.16 2 1
CEERS-4210 5.25451  1e-05 215.2372075 53.0610861111111 26.067167143633938 0.1326813124937658 0.11460285731721598 1977.3366975557549  241.85765127679315 4.748633879781421  0.4175230285539978 -1.6901829919607034 0.2937916837315977 0.2927698902936202 -20.89573132755562  0.13037916010364606 10.23 0.0 0.0 8.1044352858835 0.025911636405551164 0.026945256238127158 0.0 0.0 0.0 2 1
CEERS-4314 1.06486  2e-05 215.021894166667 52.9667222222222 25.022355743169694 0.2362236947884071 0.2600009051672849 48.272384416607395  6.4923334573308775    -2.088060722168409 0.12624164823820516 0.12574345651628116 -18.737311555051114  0.027826724749921473 9.4 0.03999996 0.14000034 8.5 0.0 0.0 0.3 0.3 0.14999998 0 0
CEERS-4385 3.42197  1e-05 215.179599166667 53.0620666666667 25.59751253863342 0.22735049328662882 0.16618760443681424 2632.253355401548  322.50318048180395 3.8150826446280997  0.35378529741589804 -1.3684057800786658 0.17971457293849613 0.18021649697690845 -20.36651430382138  0.04249729599425962 9.39 0.22000027 0.13999939 8.135160729963157 0.03184346271028993 0.033108174382073585 0.1 0.020000003 0.10999999 1 2
CEERS-4386 2.37146  2e-05 215.067615 52.9843305555556 25.171359119702434 0.130925871321935 0.10748517683802916 378.7655168287907  47.281867658923034 0.7545132743362831  0.02266248320161813 -1.728536129281468 0.04703203979218018 0.04590570512637626 -20.54143885960032  0.022231308153472656 9.67 0.069999695 0.03999996 8.5 0.0 0.0 0.1 0.020000003 0.04 0 0
CEERS-4402 3.32996  1e-05 215.055995416667 53.0045305555556 25.355989284336165 0.1068720177171798 0.10358717944745521 1091.0123557087884  133.65975487738558 2.3700684708183895  0.12138435177054592 -0.969234017819258 0.12312606092808465 0.12400447043557594 -20.628897826080017  0.029771759040133877 10.0 0.119999886 0.0 8.34668282264008 0.03378091899964808 0.031700063362007924 0.2 0.040000007 0.03999999 1 1
CEERS-496 6.56922  5e-05 214.864735 52.8717194444444 25.021701278599078 0.20542857657151714 0.18969815131686119 1775.9569213076172  260.9161669590162 9.308266067232044  24.483268256547984 -2.7400253067425377 0.44120582264543184 0.43346320626755475 -19.003801508097876  0.39126620414768754 8.38 0.06000042 0.10999966 7.228105665426704 0.028105665426704007 1.2718943345732958 0.0 0.0 0.02 2 1
CEERS-5113 1.40121  3e-05 214.969287916667 52.927575 25.009473512473466 0.0394381373755337 0.0345440200760585 208.49353361717036  25.87119666351607    -2.4573589511917593 0.1834340755421584 0.18704077440784328 -18.769693495468008  0.04289826604379996 9.07 0.019999504 0.020000458 8.5 0.0 0.0 0.0 0.0 0.02 0 0
CEERS-5117 1.57303  3e-05 215.06599875 52.9982027777778 24.92653634434962 0.33899537674713187 0.21011446224086328 77.93934497176103  10.93103219286585    -2.028560755484847 0.05279994833411106 0.055015654777321066 -19.938637821217593  0.02025452801076029 9.58 0.10000038 0.06000042 8.5 0.0 0.0 0.0 0.0 0.1 0 0
CEERS-515 5.66419  1e-05 214.878534166667 52.8741416666667 26.05282068815848 0.7263818962674939 0.6420933541849543 1955.3592186017697  251.9125670914532 21.762611275964392  35.12878818070983 -1.6921872857018947 1.209707126043921 1.2110472360291658 -16.932878649395835  0.5579831025241604 8.06 0.2800002 0.2699995 7.575881898453606 0.21974968601621914 0.3269417720880252 0.4 0.3 0.30999997 2 1
CEERS-5251 3.10722  1e-05 214.95272125 52.8279305555556 25.476914065126653 0.056196345411802184 0.051004926591968314 1006.0466467965407  123.0588053356615 1.951115834218916  0.07304234009674258 -0.6559152461668166 0.16772600085963418 0.17592782464518913 -20.206545867588233  0.038154425941818886 9.83 0.010000229 0.010000229 8.435615727170843 0.024760816779295425 0.019096938800215568 0.2 0.0 0.00999999 1 1
CEERS-5300 2.13647  1e-05 214.96651 52.8466666666667 25.335730106352386 0.18274448403589716 0.06852913477233358 602.878074992874  73.76184579360806 2.0598170302603798  0.06776993098511387 -2.0666976769504553 0.17885637100483187 0.1735278245151035 -19.221498579191483  0.045140245719315616 9.33 0.05000019 0.0 8.410190871011421 0.020654316412912266 0.021873117524297214 0.0 0.0 0.12 0 1
CEERS-5362 1.71613  5e-05 214.942665833333 52.829975 24.674859293020727 0.38228308119797916 0.19991704515981468 96.25058101704202  12.844518585792436 1.0277054473492344  0.15402628974174298 -3.130820444412162 0.1260862650455965 0.12481861046888065 -19.63962774118142  0.025058648786022684 9.2 0.03999996 0.010000229 8.5 0.0 0.0 0.0 0.0 0.01 0 0
CEERS-5409 1.69822  3e-05 214.868125 52.8388583333333 25.144451592119115 0.31333439324263423 0.11940992651181404 52.0015606641318  7.267588339712848 0.4004573170731707  0.037592894527249676 -1.77835934568673 0.15870645778425474 0.1603131652486578 -18.79733671954375  0.04419530996634148 9.75 0.010000229 0.0 8.5 0.0 0.0 0.1 0.009999998 0.20000002 0 0
CEERS-5430 1.67611   214.971325 52.9320527777778 25.22545957185403 0.1891558567911389 0.16885405475885662 62.577939236237576  8.745598398721677 0.6048003802281369  0.06540987387903105 -1.7891806182881516 0.20496991426501987 0.20751616703985643 -19.454456191485814  0.06065527728194751 10.21 0.06000042 0.0 8.5 0.0 0.0 0.2 0.09 0.10000001 0 0
CEERS-5582 2.18411  2e-05 215.035558333333 52.9466805555556 25.82881749607496 0.15628199553390942 0.11483761430023165 739.4865212326233  93.09334283624003 1.3582934262080975  0.09530232604639209 -1.6290638604834642 0.08767583406407131 0.08817997839259184 -19.90404130397888  0.02791263051710842 9.98 0.0 0.0 8.5 0.028975946682505693 0.0 0.2 0.0 0.0 0 1
CEERS-5632 2.53061  1e-05 215.062537083333 52.9949583333333 25.34402824970025 0.032599037086800564 0.03147650097369947 785.4983502887503  95.88841380365672 2.728240450845335  0.053393183048174996 -1.7370123090920426 0.03538893735476045 0.035710699324734474 -20.94177832214034  0.017506347211784314 9.63 0.05000019 0.029999733 8.318656870421343 0.013925146582886683 0.013311143801226777 0.1 0.009999998 0.009999998 0 1
CEERS-603 6.05667  2e-05 214.867247083333 52.8367361111111 25.414860593350397 0.2682050395754878 0.18566953361671779 6393.085068707418  783.5510767586441 7.373271889400922  0.9066783293033496 -1.6996734130500455 0.2643141007792482 0.26847218741389534 -20.024373859310014  0.17369849483972258 8.78 0.23999977 0.13000011 7.780608621852987 0.05046205230429379 0.04519643072275059 0.1 0.060000002 0.15 2 2
CEERS-618 6.04953  3e-05 214.876469166667 52.8394111111111 25.233712755064662 0.32621446896111195 0.2544326706918021 3550.644800353084  471.24342187180616 1.5827664399092969  0.20069692262283736 -1.772774205342897 0.35694238534688427 0.3576152157273442 -19.331400994760692  0.2664548545877887 8.16 0.13000011 0.119999886 8.454249388887021 0.031652012923053974 0.04175332763656314 0.1 0.040000003 0.10999999 2 2
CEERS-6265 1.89828  2e-05 215.137588333333 53.0031222222222 25.927672097718386 0.12476557187554604 0.1046954469223671 467.8590298732965  58.93889066820799 1.7499173006946742  0.17718515201793858 -1.3089781266723906 0.24574231867448937 0.25572569638388054 -18.482933423469564  0.10149079435094555 10.2 0.0 0.0 8.5 0.0 0.0 0.4 0.0 0.0 0 0
CEERS-6540 1.57672  1e-05 215.125246666667 53.0048166666667 25.518414365517163 0.04712039231433707 0.04755093200187943 547.933566467004  67.12614993439726    -1.4785492001653626 0.022125076649144315 0.022575180489828206 -20.69982700736837  0.008886437131135934 9.6 0.0 0.0899992 8.5 0.0 0.0 0.5 0.02000001 0.01999998 0 1
CEERS-6563 1.69928  3e-05 214.940182083333 52.836025 25.462997164171945 0.19131898569903782 0.17774732810117655 74.59831996757235  9.264539032196712 0.614406779661017  0.025709320442152635 -1.6184178860556773 0.1952363660712626 0.19508064481589704 -18.38805330725466  0.0499312249292708 10.16 0.05000019 0.0 8.5 0.0 0.0 0.4 0.09 0.099999994 0 0
CEERS-6649 1.68543  0.0 215.21636 53.0237361111111 25.13631997687941 0.21560163043488245 0.39808744051592626 61.56401536024105  7.622509319999876 0.8519503546099291  0.039847719894210105 -1.0311146425527018 0.07776393653959812 0.07919702347411928 -19.097918767619433  0.03423409906832464 10.48 0.049999237 0.05000019 8.5 0.0 0.0 1.4 0.39999998 0.21000004 0 0
CEERS-707 4.89633  1e-05 214.991907916667 52.9250444444444 26.079148791012315 0.7799658201104869 0.787211916164253 2756.522387439909  336.47300377174287    -1.5925433147336991 0.3856093646123986 0.3841991486156058 -19.883713449658817  1.9424865227627788 10.11 0.30999947 0.0 8.058182056389754 0.13765241355350177 0.14390730281719755 0.0 0.0 0.1 2 2
CEERS-792 6.25668  1e-05 214.87176625 52.8331666666667 25.542476927935944 0.635805434320563 0.6244767914308724 8610.588608131256  1054.4794971426525 6.520028109627547  0.8568770897883211 -0.2416371644408356 0.6926948534743803 0.6995935979295622 -18.36352360678625  1.3397673054585857 8.88 0.19000053 0.119999886 8.00161527203131 0.037700765073063636 0.029324717981221937 0.3 0.24000001 0.13999999 2 2
CEERS-7975 2.74186  1e-05 215.130097916667 52.9538277777778 25.179177963571583 0.1699258300320743 0.058044323702230116 295.5052836538392  36.164925106337876 1.508984375  0.03979993270314205 -1.710337650982178 0.056716275528736704 0.055933245189174086 -20.92768971056767  0.020955295100368653 10.06 0.030000687 0.0 8.5 0.0 0.0 0.1 0.009999998 0.1 1 0
CEERS-8299 2.15672  2e-05 215.151954166667 52.9927722222222 26.351676798069672 0.1439069056390032 0.28554524629619493 117.05393029702462  14.937060709159558    -1.1875312363199266 0.15860288856265115 0.15816473248592655 -18.761776628665814  0.059436821870067755 10.15 0.029999733 0.07999992 8.5 0.0 0.0 0.2 0.2 0.03999999 0 0
CEERS-8515 1.56735  1e-05 215.059567916667 52.9434333333333 25.278843725133513 0.1893735200572877 0.10748359216234604 100.33452894283766  12.634537659758706    -1.8280923526104393 0.1145659327127384 0.11270116124316787 -19.26213865775437  0.028942186376120706 9.9 0.0899992 0.0 8.5 0.0 0.0 0.1 0.030000001 0.10999999 0 0
CEERS-8588 2.33547  3e-05 214.911170416667 52.8430444444444 24.995559472142602 0.4417879569307779 0.40353647425763484 61.027414070944396  8.89482978666271 0.8357432041642567  0.09063269402789219 -0.4442010405038703 0.3231607228796798 0.32275970927709174 -16.196025954146215  0.204508819478485 10.05 0.05000019 0.03999996 8.5 0.0 0.0 1.0 0.19999999 0.23000002 0 0
CEERS-8710 2.3367  1e-05 214.88155875 52.8306333333333 25.41188428450903 0.07539053401681173 0.06747986645243031 552.5703836487313  67.82352319850871 1.6710735060814383  0.053549950142614745 -1.5458908442468573 0.12665731156695825 0.12941148044598383 -19.51842896228127  0.06175288327491324 9.49 0.010000229 0.030000687 8.5 0.010202759162043051 0.0 0.1 0.009999998 0.019999996 0 1
CEERS-8736 1.55401  1e-05 214.885555416667 52.8350444444444 25.059239332041685 0.17413672791655443 0.02669778524192168 108.18697404137357  13.314834082094658    -2.1858769895487584 0.1273983427280041 0.12644288309308838 -18.98777882441734  0.02874040191287319 9.59 0.03999996 0.0 8.5 0.0 0.0 0.0 0.0 0.1 0 0
CEERS-8971 1.57311  1e-05 215.155245833333 53.0488 25.391437438648826 0.07654732887449 0.060160884198630526 233.9892839184876  28.569365771361955    -1.8526565576728722 0.03907173280411991 0.03849353756738916 -19.978483549758884  0.01500187331484282 9.72 0.06000042 0.019999504 8.5 0.0 0.0 0.1 0.030000001 0.04 0 0
CEERS-9156 2.05356  2e-05 214.982951666667 52.9358 25.123055789678588 0.023289422819086525 0.05415885839830281 432.644199067702  53.02358852458339 1.3849925098733487  0.039813039765280486 -1.8026550112155717 0.022996888471666255 0.02288758120334977 -20.775488571106386  0.012713383990765534 9.84 0.06000042 0.010000229 8.5 0.0 0.0 0.1 0.030000001 0.009999998 0 0
CEERS-9211 1.63119  1e-05 215.174107916667 53.0734888888889 25.367572945595473 0.0645592663461727 0.1932713343618495 1007.6583767252287  123.1054112839846 1.8745702104249757  0.07588694134618378 -1.7560347281434425 0.06718209877399439 0.06473570564404096 -19.46134998488623  0.025934755255278143 9.06 0.06000042 0.16999912 8.492370846112465 0.014406575851744208 0.007629153887535267 0.2 0.11 0.019999996 0 1
CEERS-9238 1.74153  1e-05 215.0777875 53.0065111111111 25.906904899955155 0.1596039890978176 0.20289623529046352 335.16480421014757  41.54128013768671 1.9856860809476804  0.22696630244361699 -1.6765714956664337 0.1421982892397331 0.14491877905921324 -18.592346065935555  0.05844710942418613 9.63 0.10000038 0.0 8.47946232844896 0.03911920084045484 0.020537671551039693 0.2 0.120000005 0.03999999 0 0
CEERS-9413 1.38986  6e-05 215.06120375 53.0035111111111 25.136987073676437 0.4059337672073653 0.34947497530985316 80.44492119185665  11.247423427768426    -1.4850012396695569 0.16613511759718058 0.16387479980713504 -18.524134175155027  0.055773946203504274 9.31 0.21000004 0.09999943 8.5 0.0 0.0 0.6 0.28000003 0.32 0 0
JADES-10000626 4.462400560399939  0.0002608563976287448 53.146999 -27.813033 25.39419685730163 0.12350530052908937 0.11967404059354081 5439.474476878597  778.1797057436357 13.97059199102992  18.131385753199982 -2.852477992636776 0.31476215191539847 0.3160333142009706 -17.097220820012108  0.2968174202790653 6.84 0.0 0.0 7.2 0.0 0.0 0.0 0.0 0.0 1 2
JADES-10004819 2.988937053743842  0.00014795277210773901 53.148386 -27.80167 24.943267370175622 0.395398850757811 0.3021852631760922 858.1990536355755  125.02130268314684    -0.9595468467503419 0.2521353151748209 0.25657963479305623 -16.486108616430908  0.09867129361668413 8.07 0.2699995 0.17000008 8.5 0.0 0.0 0.3 0.16000001 0.20999998 1 1
JADES-10009506 3.597570301242012  4.130487623674715e-05 53.153014 -27.806068 25.445500328865897 0.06305643715924347 0.057693284389113586 2868.1372563769614  352.9276590614167 6.5344652340388505  0.6542425992256418 -2.4465529620182416 0.02866821367430461 0.028725104016440017 -19.17683955464849  0.014728416815775913 8.6 0.030000687 0.03999996 7.928608306572714 0.030239940884724703 0.030256296549779016 0.0 0.0 0.01 1 2
JADES-10011378 2.5753541926977657  0.00012314344325139185 53.11929 -27.799004 25.06543610513695 0.10417538366828438 0.17801154416085652 376.7245449078678  48.67206395902674    -1.419354070691727 0.17439552667655622 0.1730411045638942 -19.134130230945836  0.11600819769991916 9.47 0.030000687 0.03999996 8.5 0.0 0.0 0.2 0.1 0.03999999 0 0
JADES-10011849 2.692372735039016  4.64585446544197e-05 53.120046 -27.777856 25.193608097003093 0.1812870784543641 0.1291637766363074 1198.2001133521705  148.41213101192145    -2.655575956989859 0.2808604992990835 0.28018676635313033 -18.266447377004752  0.09023330051444088 8.75 0.119999886 0.069999695 8.342044076381848 0.07567103466883829 0.07387606459814933 0.1 0.060000002 0.1 1 1
JADES-10013618 5.940916245028118  0.0003099005341657525 53.119112 -27.760802 24.52152802389214 0.13541741127788853 0.19191145324028724 538.3205133947043  69.582111215726 2.3789038326227514  0.3075664845900273 -0.48223714292659325 0.36511726299362934 0.3494841223633892 -19.531797996091118  0.12365708878361624 8.96 0.10000038 0.17000008 8.291737796166657 0.04549441100395235 0.05805362943186232 0.2 0.120000005 0.019999996 2 1
JADES-10013620 5.914349398777571  0.00034422540600054826 53.12259 -27.760569 24.73078869289676 0.05208703911418411 0.0488994985559863 924.7493368635348  116.90014402308591 3.393383351759787  0.517748395548116 -0.6635387441772893 0.2575286236869956 0.2554832824271901 -19.733343050894952  0.09279316908669619 8.78 0.17000008 0.07999992 8.113418571768907 0.06252419825014677 0.07324542789312538 0.0 0.0 0.02 2 1
JADES-10015338 5.073733317217077  0.00022674222959368916 53.115345 -27.772893 25.00395683911107 0.1506802404201082 0.1354697013541255 2201.837817361338  288.72570376498487 41.787069425387365  72.4291148379985 -0.925060068327012 0.22802187783015082 0.2246671392869165 -19.275280809350555  0.09900086581803223 8.1 0.19000053 0.19999981 7.254101246756418 0.05410124675641814 0.1423734276901536 0.1 0.060000002 0.019999996 2 2
JADES-10016186 3.925783924475425  8.187654040277856e-05 53.116947 -27.802831 24.532869280624322 0.225554098244114 0.20237605151996974 144.42887781850052  17.90316723294904 2.616600970856642  0.1989862585692525 -1.1106168463260482 0.2767779935508796 0.27855110826486096 -20.003930785358182  0.3370679618087786 9.83 0.18999958 0.05000019 8.5 0.0 0.0 0.1 0.1 0.1 1 0
JADES-10035295 3.5874414789935134  5.0879350605266484e-05 53.114342 -27.815487 25.50931708022939 0.14191842983482417 0.15503235242398006 4372.076228915176  539.4286026642624 12.077653199186654  2.9345626449199274 -2.0607652884278265 0.11698247555063102 0.11587446880794827 -18.551020498941  0.12277532764869117 8.15 0.059999466 0.15000057 7.4667773468079846 0.03971881606916661 0.04442201438089732 0.1 0.1 0.050000004 1 2
JADES-16625 6.62780034807013  0.00019747235529599214 53.169042 -27.778838 25.481826026889348 0.03282538844055338 0.03098986044382812 4250.826642042558  536.4458544864182 -41.47363354040963  98.360150533781 -2.437756289495441 0.18709424067145664 0.18801192098841302 -18.32316658870371  0.05497363406415162 7.97 0.069999695 0.07000017 8.5 0.0 0.0 0.0 0.0 0.01 2 2
JADES-16745 5.563716091665444  0.00016549894976675383 53.130023 -27.778392 25.411732023231888 0.17974221865494755 0.1303912646998313       -2.192513416590641 0.06217098223536199 0.061160336139330695 -20.279680683013346  0.05911613230747419 9.16 0.03999996 0.03999996 8.264461832485283 0.03417814090973437 0.04785636748033184 0.1 0.030000001 0.009999998 2 0
JADES-17260 4.883460045567371  0.00035075481886045844 53.126886 -27.776887 24.68356997527295 0.12855041862538386 0.1378948564203526 684.4905436269778  114.71285456771999 8.328750520215362  9.801167888496737 -2.2848349586168104 0.12075317659689855 0.12353339651626216 -18.401951520714118  0.24329517343426044 7.75 0.09000015 0.07000017 7.2 0.0 1.2999999999999998 0.1 0.060000002 0.029999994 2 1
JADES-17566 6.0987043952584195  0.00037288119438833945 53.156128 -27.775841 25.028242416975896 0.06023750982300413 0.1639163066792939 2220.5411860728345  285.816197587071 2.406086141276475  0.24296261325222862 -0.7440780040570706 0.06249150254065494 0.061788433644143326 -19.801603990752238  0.02775247931980341 9.48 0.029999733 0.10000038 8.258400166918143 0.04115127237596283 0.049639456924742476 0.3 0.10000001 0.00999999 2 2
JADES-17777 4.131492504388959  0.00013473589257379035 53.167431 -27.775477 25.229718779523406 0.27610483159332944 0.21718391489514488 1663.486774640916  213.95267660822114 7.554364126390422  3.0384227575062925 -1.4939998381815325 0.17081418898400935 0.17542896306773859 -17.570744530201452  0.06179903814741542 8.45 0.05000019 0.07000065 7.744026240164719 0.1304418185373084 0.1498637767980311 0.1 0.07 0.1 1 1
JADES-18090 4.772754533185525  7.978727426547853e-05 53.16718 -27.774615 25.535576411361884 0.04850372149139304 0.07061391474787015 7603.854797930395  949.7264086965168 6.40251228188257  0.6364994738406694 -1.1021362094660136 0.04882634488006077 0.05018399995425482 -19.079358255154904  0.0404272151504419 8.83 0.03999996 0.06000042 7.982927199900599 0.030295395314016815 0.029116564351408414 0.2 0.040000007 0.019999996 2 2
JADES-18322 3.1497630964970322  0.00010865846138328865 53.131707 -27.774119 25.33668292524194 0.2535346500571869 0.4740491399989004 5180.972824017804  653.3642639148426    -3.091859703882043 0.5813376973761297 0.5688029826491388 -16.51189050572306  0.2921831081802186 7.38 0.05000019 0.2999997 8.243834136798128 0.3233016709188261 0.1503040205789663 0.4 0.33 0.01999998 1 2
JADES-18846 6.332199917045886  0.00011801868129562023 53.134917 -27.772709 25.285250518648375 0.03145961795210539 0.030204555099277997 5380.705149260604  662.9785604646949 36.14775817853677  16.18837504620196 -2.5182617489988113 0.10450751478267417 0.10164322921308955 -19.666056051528592  0.06218480528935211 8.22 0.05000019 0.05000019 7.2995722780182035 0.028015142136309734 0.029170347055337054 0.0 0.0 0.01 2 2
JADES-18970 3.722921893194695  5.2102466009669117e-05 53.156496 -27.772269 25.29849025117719 0.10250054320802704 0.08143134732421942 959.2626446880286  119.60588230254737 2.3086313991027283  0.1843764893015829 -0.7821777205752293 0.044530155589698306 0.044655266853108944 -18.9071657888477  0.026995568646387837 9.45 0.0 0.029999733 8.351026672804055 0.03135017147516628 0.027679639116458432 0.3 0.0 0.0 1 1
JADES-18976 6.324479152160132  0.00029295230639365586 53.166601 -27.772403 25.301989713656813 0.155236249571292 0.058749275787054245 4617.709071597189  603.4046796731843 15.285642027910772  11.527431971932463 -2.335077200022856 0.19241101231621016 0.19330738348672405 -18.618270209710012  0.06199345368709441 7.8 0.20000029 0.07999992 7.2 0.0 0.0 0.0 0.0 0.1 2 2
JADES-19342 5.970882924638211  0.00028362671719549064 53.16062 -27.771613 25.35026049033804 0.033970431490260466 0.03304515882791037 3663.029740073114  468.04783207977806 95.51464494668862  393.26529444419907 -1.3143701744705356 0.12474498045309779 0.12092755517686449 -18.40723747082947  0.05196814894651814 7.96 0.07999992 0.07999992 7.2 0.0 1.2999999999999998 0.0 0.0 0.01 2 2
JADES-19431 3.3185999657825853  0.000179949873352173 53.162923 -27.771407 25.339815488062893 0.04298905628234451 0.03625384971222445 1859.0853092457241  251.14461831500444    -2.440650117732774 0.07175445876922826 0.07239407383121987 -18.284067537618608  0.029803400955657276 8.37 0.019999504 0.069999695 8.5 0.11629327296771841 0.0 0.0 0.0 0.02 1 1
JADES-19519 3.602712491551437  3.543139649065503e-05 53.166086 -27.771262 25.342330832560624 0.1825724567335918 0.05682782189322211 2543.216693790784  314.0633473945124 3.2063883822472934  0.32847908021773253 -1.7650918312266772 0.06605002714646746 0.06896929126943818 -18.025205001836497  0.03359112513564752 8.35 0.11000061 0.049999237 8.236248279912868 0.035108716481003555 0.03722177428976359 0.1 0.009999998 0.10999999 1 2
JADES-19606 5.8860340196189735  0.00022860567185988521 53.17655 -27.771108 25.298843035240463 0.036868725551908454 0.0354198856591168 3383.1137950993525  435.4738834812259 6.730965606604813  1.8607743877674714 -1.9384490512442332 0.07894762744121175 0.07850274905143784 -18.77190827875514  0.043370359187877176 8.33 0.029999733 0.06000042 7.550609075083409 0.09409357664883888 0.08870961945629752 0.0 0.0 0.0 2 2
JADES-20313 2.8429299578910605  0.00010232682639913355 53.158319 -27.770063 25.19173124482991 0.0265983524807325 0.026561161482749895 1254.5438728300542  163.29551820918445    -3.6765035755277675 0.13015808857760147 0.13063987273901212 -17.415539235355666  0.04510253141646092 7.54 0.009999752 0.07999992 8.5 0.0 0.0 0.0 0.0 0.01 1 1
JADES-21150 3.0860869036778547  7.983066421936957e-05 53.169953 -27.768404 25.23906432397523 0.09253655507767888 0.07509320848156875 1260.6396860143889  157.83146034381977    -2.891457289528603 0.013360674491145641 0.013428415934310767 -20.480765213392036  0.005838649681485775 9.17 0.0 0.010000229 8.32210725605338 0.08286806858781581 0.09711912301982295 0.0 0.0 0.0 1 1
JADES-22251 5.795479985640647  7.492892187568919e-05 53.154069 -27.766072 25.229356796180365 0.16113939161193613 0.0607343433354437 6014.553551397842  740.6427382131668 9.472266452751622  0.859560969420333 -1.0138158324132465 0.08743023940976413 0.0887185852712088 -18.94853327684728  0.04104920863061142 8.38 0.17000008 0.069999695 7.78753121830808 0.035448230484454335 0.024473407396998326 0.2 0.010000005 0.10000001 2 2
JADES-22924 3.701063343908823  0.0006784791358902603 53.152557 -27.764029 24.69729775325239 0.12302034969401632 0.10262957388306759 220.0273402617573  45.030662438655604 -2.017091823236424  3.014995507734773 -1.8367158625168873 0.10988800602810644 0.11343955129368521 -17.76311591576473  0.05283368029243439 8.34 0.0 0.010000229 8.5 0.0 0.0 0.0 0.0 0.04 1 0
JADES-2923 3.013132601251897  0.00017470921363613336 53.154072 -27.82094 25.244219732723323 0.245816803246111 0.1603273846302109 1298.2024721154494  184.8613184084073    -3.3023821052406097 0.1409174945551297 0.14015589293148834 -17.49917766785586  0.034877028014673704 7.48 0.059999943 0.01999998 8.5 0.0 0.0 0.0 0.0 0.0 1 1
JADES-3184 3.4656793864797115  4.950957155059278e-05 53.1501 -27.819706 25.30050891691905 0.0894416881383826 0.07289340084957274 1763.8266671283207  218.81983907851935    -1.851248046488783 0.032906374120491355 0.03325992606497574 -19.492559603192063  0.017565214923069464 8.92 0.069999695 0.019999504 8.198185495875768 0.1684428534200162 0.11876822988067737 0.1 0.0 0.009999998 1 1
JADES-3334 6.703182365754929  0.00041364057249284133 53.151381 -27.819165 25.01359118076125 0.21179083438036983 0.1453493584696588 3581.217910349942  516.3716515479214 4.226042621455954  1.8218210775161214 -2.180477549063637 0.3043960825130756 0.29932926168118223 -18.12704692309152  0.1255687829204519 7.99 0.21999979 0.14000034 7.62493619205468 0.19563769333373493 0.3423048211268691 0.0 0.0 0.12 2 2
JADES-3892 2.805464500338445  3.4022213472622765e-05 53.162557 -27.81661 25.239548086575244 0.06652186054643394 0.054810295047381885 984.3544356825762  121.03497853530817    -2.523311593916986 0.013986221745386551 0.013965327079130674 -20.369240217726865  0.008731098778254322 9.6 0.030000687 0.029999733 8.477481014526639 0.04046701834044164 0.022518985473361397 0.2 0.010000005 0.030000001 1 1
JADES-4270 4.02046920880212  5.920690814642579e-05 53.168708 -27.815158 25.569810024784786 0.15997730565570834 0.07197374857095795 4276.274498850904  525.035564963937 4.83998122281723  0.26784524667667986 -1.93655429855152 0.03997348733280015 0.04162584345247078 -19.959629920762538  0.014772040876916439 8.93 0.19000053 0.029999733 8.057847156877997 0.02811838710313097 0.03620367746530739 0.2 0.010000005 0.10000001 1 2
JADES-4297 6.709577613145356  0.00026905033931416927 53.155788 -27.815202 25.586712524364646 0.07296391680974068 0.1325789591635953 15212.388864449713  1932.470164988622 13.814956269810894  4.997747659683507 -2.514485302368892 0.20866025195275384 0.2115116075717549 -18.06224056726447  0.07263947140429149 7.42 0.0 0.19999981 7.433590235446184 0.058213748447148106 0.06506884183015504 0.1 0.1 0.009999998 2 2
JADES-4404 5.76013789140504  0.0001018087592581442 53.115372 -27.814771 25.189613792201822 0.12579991637802834 0.12316708000173904 3969.500579863357  493.9101843589076 10.078365016457472  1.7742837415798884 -1.5293412812099874 0.13827306254154625 0.1403357795687199 -18.888264836417623  0.10894639494350683 8.13 0.09000015 0.07999992 7.636773185641164 0.04288985538850998 0.04735693153661291 0.1 0.05 0.04 2 2
JADES-5329 3.5850568883171574  0.00035863242760907684 53.122762 -27.811345 24.566129013570837 0.1404685255236835 0.10610156875621257 210.61236838906987  32.034756484408895 1.967984113451663  0.9069892209176571 -2.0578977388325352 0.07376421395830057 0.07516349532556177 -19.186407697886576  0.08030249547202661 9.04 0.119999886 0.0 8.395015010641075 0.18759239620131396 0.10498498935892542 0.0 0.0 0.07 1 0
JADES-6002 5.934089651936203  0.00013081544854675806 53.110411 -27.808923 25.21034438797151 0.23719650582078344 0.1787429939036862 3091.6853532001937  386.93394843697416 10.150325467013365  2.7380491468681067 -2.1612243747397057 0.2090000742010929 0.22278133390849653 -18.665171479850517  0.1553491088765357 7.79 0.11000013 0.11000013 7.757044865304334 0.06214952157911924 0.07894140393953375 0.1 0.030000001 0.059999995 2 2
JADES-6246 5.558971351298231  0.00022507988783725444 53.129722 -27.808177 25.404433459149303 0.5784889147290997 0.2789862825261835 1880.3012786359104  258.47284711304616 4.250233917034655  1.339661496925001 -2.6991463450157354 0.30850404515714214 0.30643399222366696 -18.123120175372794  0.3215138339733821 8.31 0.03999996 0.059999466 7.949310206772902 0.12611562424626843 0.11929237696256934 0.0 0.0 0.02 2 1
JADES-6384 5.612761545194129  0.0008307206324987717 53.130592 -27.807713 25.21240221764315 0.13290583191406924 0.11562244648077069 578.2189067986592  113.52273591593406 2.1437740126852103  0.5750229930501716 -2.5866529245768524 0.5786402105856396 0.5590807986997448 -17.549594892737368  0.19470773296059452 8.8 0.14000034 0.0 8.14254076550873 0.1340333750015521 0.16659763965062524 0.0 0.0 0.07 2 1
JADES-7507 4.041775458471113  0.00011911162415068278 53.155483 -27.803885 25.553278115019474 0.14594356910439998 0.10640096174881819 2214.429255499197  284.85040784816766 6.8784015603691016  2.118283813818546 -2.319233307144574 0.0817035118806384 0.07909962776910007 -18.471847770435225  0.026821111547862923 7.82 0.01999998 0.03999996 7.581176485255238 0.0907735695575278 0.11817606767655775 0.0 0.0 0.01 1 2
JADES-7762 4.146344570725525  8.23889900390259e-05 53.113326 -27.80299 25.426612297877227 0.09011984161611863 0.08160669472226445 1944.4597355677274  239.16210260275594 3.4603853733335925  0.21241661513043178 -2.0552921478283332 0.09709978448240708 0.09792187628016258 -19.271340270654  0.09776162188877643 8.81 0.05000019 0.049999237 8.201482329705271 0.0228528203273477 0.021951670802280887 0.1 0.020000003 0.029999994 1 1
JADES-7809 3.5761046299974875  0.00018389734199939547 53.129724 -27.802735 25.269189817862017 0.34712233618976995 0.2134992250739991 1709.2856752484481  221.27035996322897 5.347629270754687  2.060017823109025 -1.890208620362171 0.03234836514163564 0.03184941387737328 -19.02386671762319  0.01765170565717615 8.73 0.019999504 0.12000084 7.999873649310379 0.09899002966209824 0.08620411986681376 0.1 0.1 0.009999998 1 1
JADES-7892 4.226544422581715  8.161308473983172e-05 53.150028 -27.802503 25.54543549827753 0.07621340209142247 0.06269728891187398 2706.9149135664356  334.64428770734145 5.3649035798208615  0.640651093250831 -2.732454263699382 0.09086763444605239 0.09096921233398225 -18.471015692556254  0.04345999548238118 8.25 0.0 0.05000019 7.947417198909166 0.03775356798923646 0.05093670973135378 0.0 0.0 0.0 1 2
JADES-7938 4.803769700146171  6.811181618511094e-05 53.162679 -27.802369 25.314588207030255 0.03802036468800907 0.037134608098114086 5943.821866501482  740.4051988428449 7.366809557416782  0.6975872761466161 -1.7239913490961145 0.042622474033455315 0.04106806304610355 -19.138887025970604  0.03828011895286254 8.11 0.019999504 0.05000019 7.827502866676333 0.03262381224405786 0.03545320532144203 0.1 0.009999998 0.009999998 2 2
JADES-9452 5.120614266594336  0.0008080513212725975 53.115834 -27.797549 24.700738721842942 0.19126489172960603 0.15277458196725746 661.17148138368  107.65480800601355 3.086145643004897  0.8083246591774549 -1.8937136151846872 0.10855506972329954 0.1072903699090717 -18.418451317626406  0.15899006702521043 8.42 0.06000042 0.13000011 8.203308120738399 0.11925918819581227 0.08350790913711847 0.1 0.060000002 0.1 2 1
