1.675682857576936
0.8370721456254704
0.36100193413545856
1.8082857640808099
nan
0.5056141259428799
0.10137119891596555
0.4393123347364744
3.36726339290179
1.538521862074443
0.25152918208978664
0.9485973383114592
0.19383554351351165
3.018214414333904
0.4518933354934893
0.29937364899611085
0.65463727703073
0.2927691864137103
0.6666614015340979
1.7414779778381486
0.2254940171815964
1.1821855903339484
1.4319198519514624
0.5378131931344382
0.45682738341664436
1.1801019885354695
nan
nan
0.7419793984568817
1.1858266811367701
nan
1.2441033730861113
0.4570991532362787
0.16349386964914026
0.3982781496189365
1.4231073129582956
nan
0.2567119595233778
0.3297296952574529
0.12189633389899004
0.8526929048875455
1.5718729759391832
0.26743067380129415
0.46509680835518696
0.3279741582206348